65
5109
1511
71
12596
74
1792
73
76
76
13061
1504
68
68
68
1792
12137
68
68
68
12762
65
1527
75
10100
70
68
12793
73
74
73
79
1792
15730
73
73
8669
74
74
74
75
1099
1792
1097
73
4629
75
1513
12640
75
13233
75
73
75
1925
1454
75
13045
73
12706
73
14900
1942
1942
12351
2180
2180
1794
2180
2188
2188
1591
2188
2188
3980
12351
1945
12465
1945
71
12721
73
73
12706
73
73
12568
73
9921
12914
13233
75
73
73
73
73
1792
6536
72
72
1795
12889
73
1792
1865
73
13020
74
74
3244
74
13020
74
74
74
1866
73
73
6536
73
73
65
65
1857
65
12619
65
65
12709
1511
71
12279
70
70
70
1454
70
70
1455
9588
1454
1454
65
69
69
1588
13061
69
69
69
12640
1793
69
12793
69
69
1795
9588
73
74
73
1861
73
1795
12351
12706
4565
4637
4637
1544
4637
12463
4597
4597
5109
4637
4637
4637
4637
4637
5917
66
1583
12619
66
10149
65
65
10235
65
10235
66
66
12596
1792
9612
66
1465
1465
66
64
66
12137
66
66
66
4637
4597
4597
12791
6133
4597
4565
4597
4597
12137
4597
64
64
64
5109
4597
12137
6133
63
12742
9921
9921
12889
71
1643
12746
12809
12809
65
12619
12809
12742
12709
12619
12619
12619
12619
11836
12619
8979
12619
1723
9236
8979
12709
12809
12709
8193
12619
12619
12742
12742
12809
8979
12619
12619
1456
12742
12709
12619
12721
1456
12619
12721
12619
12619
12721
12592
12721
12721
12721
12721
12709
12742
1511
12721
8979
1511
12619
12721
12619
12709
12721
12619
12721
12721
8979
12709
12709
71
1587
12709
12619
8979
12709
1120
12709
1456
8979
12619
1047
12619
12709
12709
12619
12619
12742
1706
12592
12709
12619
1591
12619
12709
8193
12709
12709
12596
12709
12709
2589
12619
12596
15730
12465
15730
12465
12351
12417
8520
1062
12465
1454
12351
13105
13105
15730
13105
12465
12295
1513
13105
15730
12351
13105
13105
1466
12465
15730
12305
12465
9183
1466
13105
15730
15730
11579
12295
1457
11579
15730
1457
13105
1457
4629
8564
12351
12037
12351
8822
1457
1587
13105
13105
12465
12465
15730
12465
1457
12037
13105
13105
12037
1457
1504
70
12465
70
1457
8194
15730
4629
1587
12465
12037
12037
12037
12037
12351
12037
12351
12351
12037
12037
0
13105
13105
13105
13105
13105
12351
70
12351
12465
70
2
9183
12465
1459
1513
13105
12465
13105
12351
12465
12971
70
12465
8564
1465
12351
12971
13105
12542
1465
1527
8564
12351
70
12465
12465
13105
12433
12465
13105
9183
12351
12351
13105
70
71
1592
12465
12351
8275
12465
8564
0
8564
12351
12351
1648
1648
6
13105
12351
12351
13105
8564
12351
1504
1504
1648
13105
12971
12279
13061
13061
1026
12732
1552
5148
13061
70
1454
1588
1476
13061
12793
0
5148
13061
70
13061
1457
13061
13382
5148
12279
12640
13061
5148
12793
8263
13061
13358
12279
1504
1504
12279
12793
1588
2162
13061
8197
12793
1509
12640
1509
12279
1509
12793
12279
12793
8194
13061
5148
12793
12793
12279
1513
12279
12640
12279
1628
12793
13061
12279
13486
71
64
12279
1557
70
12279
13061
1541
13061
1504
12793
1628
0
12793
12793
1509
1459
5148
12279
12793
1504
12793
12640
13061
1504
1628
13061
12793
1509
12640
13061
12793
11351
12640
12793
13061
13061
1463
12732
12279
1628
1504
12640
8195
12793
12793
12640
1459
0
1504
1120
12279
12793
12279
13061
13061
12793
1504
13061
12279
71
13061
12793
9303
1504
12793
13061
8256
12793
12732
12732
12279
1504
12279
12640
12279
1349
12640
1509
12793
12279
8279
13061
12279
5148
1649
1230
5148
5148
1649
12279
12279
12805
12640
1108
13061
12793
5148
12640
12279
1588
1649
1649
13061
1649
71
13061
1649
12320
71
13061
1462
13061
12134
12279
8193
12793
5148
13061
1462
12134
13061
8263
12640
13061
1462
13061
12279
12640
8199
12320
12279
12793
1462
12640
12640
13486
12793
1511
1511
1511
13233
13061
12887
12360
12360
1512
9373
12533
12887
12887
1513
70
12360
9373
12533
13233
12533
12887
12362
12887
9373
12533
12362
12362
12533
13233
12887
12887
9373
13233
12533
13233
13233
12533
13233
12533
13233
12533
13233
14381
12533
1587
13233
13233
12533
12533
3337
9373
12533
13233
1454
12533
10069
13233
10069
13233
13233
1594
9373
9373
12533
12432
9373
13233
12533
8193
10069
10069
10069
1453
13233
13233
1455
1454
13233
12250
10069
1478
12533
13233
13233
156
13233
1478
9373
12533
13233
9373
2
12533
12362
13233
13233
1454
13233
12533
12533
0
12533
1587
13233
13233
12533
10069
13233
13233
13233
0
13233
12250
12533
13233
12533
12250
13233
13233
13233
3211
13233
12533
12533
13233
12533
1587
12533
9373
9373
1474
2223
12533
12250
0
12533
9373
9373
1454
9373
12250
9373
1593
3
12533
12250
12533
13480
9373
2
9373
9373
9373
2223
12533
13320
12250
12533
1592
12362
1592
12761
12889
0
12147
8259
12914
1591
12889
12147
12889
9300
9588
1588
12889
1588
2757
12889
2757
6322
5218
12147
12147
9588
12147
2757
2757
12889
9588
12147
12889
12889
12889
9588
12889
12889
1460
9588
12147
2757
2757
12889
12889
0
9588
12147
2757
9588
12147
1460
12914
1587
12889
12889
9588
2757
9588
2757
16148
12147
12147
9588
0
12889
12889
12889
2757
9588
12147
9588
11263
12889
12889
9588
1589
12889
9588
2757
0
12147
5218
12889
9588
2757
9588
12147
2757
12889
12914
1028
1473
5218
9588
8256
9588
12889
12914
2757
9588
12147
9300
12889
12693
9588
2757
12147
12693
12889
12147
1589
12889
9588
2757
9588
1787
12889
12889
9588
12889
12147
9588
12147
12889
12147
2757
1464
1514
12147
12147
9588
0
9588
1547
12889
12889
12147
12914
9588
2757
5218
12889
12889
2757
0
12914
9300
12693
1514
12147
1586
12147
12889
2757
12889
12889
1454
1514